52
1.991601 1.0 -1.0
1.991601 -1.0 -1.0
1.991601 1.0 1.0
1.991601 -1.0 1.0
-1.992222 1.0 -1.0
-1.992222 -1.0 -1.0
-1.992222 1.0 1.0
-1.992222 -1.0 1.0
-1.992222 0.0 1.823924
1.991601 0.0 1.823924
1.991601 0.0 -1.763834
-1.992222 0.0 -1.763834
1.991601 0.5 -1.681917
-1.992222 0.5 -1.681917
1.991601 -0.5 -1.681917
-1.992222 -0.5 -1.681917
-1.992222 0.5 1.711962
1.991601 0.5 1.711962
1.991601 -0.5 1.711962
-1.992222 -0.5 1.711962
0.0 0.0 -1.0
-0.19509 0.0 -0.980785
-0.382683 0.0 -0.92388
-0.55557 0.0 -0.83147
-0.707107 0.0 -0.707107
-0.83147 0.0 -0.55557
-0.92388 0.0 -0.382683
-0.980785 0.0 -0.19509
-1.0 0.0 -0.0
-0.980785 0.0 0.19509
-0.92388 0.0 0.382683
-0.83147 0.0 0.55557
-0.707107 0.0 0.707107
-0.55557 0.0 0.83147
-0.382683 0.0 0.92388
-0.19509 0.0 0.980785
0.0 0.0 1.0
0.195091 0.0 0.980785
0.382684 0.0 0.923879
0.555571 0.0 0.831469
0.707107 0.0 0.707106
0.83147 0.0 0.55557
0.92388 0.0 0.382683
0.980785 0.0 0.195089
1.0 0.0 -1e-06
0.980785 0.0 -0.195091
0.923879 0.0 -0.382684
0.831469 0.0 -0.555571
0.707106 0.0 -0.707108
0.555569 0.0 -0.83147
0.382682 0.0 -0.92388
0.195089 0.0 -0.980786

12
10 7 19 8 16 6 4 13 11 15 5
4 0 4 6 2
10 1 14 10 12 0 2 17 9 18 3
4 14 1 5 15
4 13 4 0 12
4 5 1 3 7
4 18 19 7 3
4 16 17 2 6
4 11 13 12 10
4 10 14 15 11
4 8 9 17 16
4 9 8 19 18

0 0 0
0 1 0
1.8