58
0.0 -1.06066 -1.06066
0.0 -1.385819 -0.574025
-0.0 1.5 -0.0
0.405897 1.385819 -0.405897
0.75 1.06066 -0.75
0.979922 0.574025 -0.979922
1.06066 -0.0 -1.06066
0.979922 -0.574025 -0.979922
0.75 -1.06066 -0.75
0.405897 -1.385819 -0.405897
0.574025 1.385819 -0.0
1.06066 1.06066 -0.0
1.385819 0.574025 -0.0
1.5 -0.0 -0.0
1.385819 -0.574025 -0.0
1.06066 -1.06066 -0.0
0.574025 -1.385819 -0.0
0.405897 1.385819 0.405897
0.75 1.06066 0.749999
0.979922 0.574025 0.979922
1.06066 -0.0 1.06066
0.979922 -0.574025 0.979922
0.75 -1.06066 0.749999
0.405897 -1.385819 0.405897
-0.0 1.385819 0.574025
0.0 1.06066 1.06066
0.0 0.574025 1.385819
0.0 -0.0 1.5
0.0 -0.574025 1.385819
0.0 -1.06066 1.06066
-0.0 -1.385819 0.574025
-0.405897 1.385819 0.405897
-0.75 1.06066 0.749999
-0.979922 0.574025 0.979922
-1.06066 -0.0 1.06066
-0.979922 -0.574025 0.979922
-0.75 -1.06066 0.749999
-0.405897 -1.385819 0.405897
-0.574025 1.385819 -0.0
-1.06066 1.06066 -0.0
-1.385819 0.574025 -0.0
-1.5 -0.0 -0.0
-1.385819 -0.574025 -0.0
-1.06066 -1.06066 -0.0
-0.574025 -1.385819 -0.0
-0.405897 1.385819 -0.405897
-0.75 1.06066 -0.75
-0.979922 0.574025 -0.979922
-1.06066 -0.0 -1.06066
-0.979922 -0.574025 -0.979922
-0.75 -1.06066 -0.75
-0.405897 -1.385819 -0.405897
-0.0 1.385819 -0.574025
0.0 1.06066 -1.06066
-0.0 0.574025 -1.385819
0.0 -0.0 -1.5
-0.0 -0.574025 -1.385819
0.0 -1.5 -0.0

64
4 0 56 7 8
4 55 54 5 6
4 53 52 3 4
4 1 0 8 9
4 56 55 6 7
4 54 53 4 5
3 52 2 3
3 57 1 9
4 9 8 15 16
4 7 6 13 14
4 5 4 11 12
3 3 2 10
3 57 9 16
4 8 7 14 15
4 6 5 12 13
4 4 3 10 11
4 12 11 18 19
3 10 2 17
3 57 16 23
4 15 14 21 22
4 13 12 19 20
4 11 10 17 18
4 16 15 22 23
4 14 13 20 21
3 57 23 30
4 22 21 28 29
4 20 19 26 27
4 18 17 24 25
4 23 22 29 30
4 21 20 27 28
4 19 18 25 26
3 17 2 24
4 25 24 31 32
4 30 29 36 37
4 28 27 34 35
4 26 25 32 33
3 24 2 31
3 57 30 37
4 29 28 35 36
4 27 26 33 34
4 37 36 43 44
4 35 34 41 42
4 33 32 39 40
3 31 2 38
3 57 37 44
4 36 35 42 43
4 34 33 40 41
4 32 31 38 39
3 38 2 45
3 57 44 51
4 43 42 49 50
4 41 40 47 48
4 39 38 45 46
4 44 43 50 51
4 42 41 48 49
4 40 39 46 47
4 50 49 56 0
4 48 47 54 55
4 46 45 52 53
4 51 50 0 1
4 49 48 55 56
4 47 46 53 54
3 45 2 52
3 57 51 1

0 0 0
0 1 0
1.39