482
0.0 0.980785 -0.19509
0.0 0.92388 -0.382683
0.0 0.83147 -0.55557
0.0 0.707107 -0.707107
0.0 0.55557 -0.83147
0.0 0.382683 -0.92388
0.0 0.19509 -0.980785
0.0 0.0 -1.0
0.0 -0.19509 -0.980785
0.0 -0.83147 -0.55557
0.03806 0.980785 -0.191342
0.074658 0.92388 -0.37533
0.108386 0.83147 -0.544895
0.13795 0.707107 -0.69352
0.162212 0.55557 -0.815493
0.18024 0.382683 -0.906127
0.191342 0.19509 -0.96194
0.19509 0.0 -0.980785
0.191342 -0.19509 -0.96194
0.18024 -0.382683 -0.906127
0.162212 -0.55557 -0.815493
0.13795 -0.707107 -0.69352
0.108386 -0.83147 -0.544895
0.074658 -0.92388 -0.37533
0.03806 -0.980785 -0.191341
0.074658 0.980785 -0.18024
0.146447 0.92388 -0.353553
0.212608 0.83147 -0.51328
0.270598 0.707107 -0.653281
0.31819 0.55557 -0.768178
0.353553 0.382683 -0.853553
0.37533 0.19509 -0.906127
0.382684 0.0 -0.923879
0.37533 -0.19509 -0.906127
0.353554 -0.382683 -0.853553
0.31819 -0.55557 -0.768178
0.270598 -0.707107 -0.653281
0.212608 -0.83147 -0.51328
0.146447 -0.92388 -0.353553
0.074658 -0.980785 -0.18024
0.108387 0.980785 -0.162212
0.212608 0.92388 -0.31819
0.308658 0.83147 -0.46194
0.392848 0.707107 -0.587938
0.46194 0.55557 -0.691342
0.51328 0.382683 -0.768178
0.544895 0.19509 -0.815493
0.55557 0.0 -0.831469
0.544895 -0.19509 -0.815493
0.51328 -0.382683 -0.768178
0.46194 -0.55557 -0.691342
0.392848 -0.707107 -0.587938
0.308658 -0.83147 -0.46194
0.212608 -0.92388 -0.318189
0.108386 -0.980785 -0.162211
0.13795 0.980785 -0.13795
0.270598 0.92388 -0.270598
0.392848 0.83147 -0.392847
0.5 0.707107 -0.5
0.587938 0.55557 -0.587938
0.653282 0.382683 -0.653281
0.69352 0.19509 -0.69352
0.707107 0.0 -0.707107
0.69352 -0.19509 -0.69352
0.653282 -0.382683 -0.653281
0.587938 -0.55557 -0.587938
0.5 -0.707107 -0.5
0.392848 -0.83147 -0.392847
0.270598 -0.92388 -0.270598
0.13795 -0.980785 -0.137949
0.162212 0.980785 -0.108386
0.31819 0.92388 -0.212607
0.46194 0.83147 -0.308658
0.587938 0.707107 -0.392847
0.691342 0.55557 -0.46194
0.768178 0.382683 -0.51328
0.815493 0.19509 -0.544895
0.83147 0.0 -0.55557
0.815493 -0.19509 -0.544895
0.768178 -0.382683 -0.51328
0.691342 -0.55557 -0.46194
0.587938 -0.707107 -0.392847
0.46194 -0.83147 -0.308658
0.31819 -0.92388 -0.212607
0.162212 -0.980785 -0.108386
0.18024 0.980785 -0.074658
0.353554 0.92388 -0.146446
0.51328 0.83147 -0.212607
0.653282 0.707107 -0.270598
0.768178 0.55557 -0.318189
0.853554 0.382683 -0.353553
0.906128 0.19509 -0.37533
0.92388 0.0 -0.382683
0.906128 -0.19509 -0.37533
0.853554 -0.382683 -0.353553
0.768178 -0.55557 -0.318189
0.653282 -0.707107 -0.270598
0.51328 -0.83147 -0.212607
0.353554 -0.92388 -0.146446
0.18024 -0.980785 -0.074658
0.191342 0.980785 -0.03806
0.375331 0.92388 -0.074658
0.544895 0.83147 -0.108386
0.69352 0.707107 -0.137949
0.815493 0.55557 -0.162211
0.906128 0.382683 -0.18024
0.96194 0.19509 -0.191341
0.980785 0.0 -0.19509
0.96194 -0.19509 -0.191341
0.906128 -0.382683 -0.18024
0.815493 -0.55557 -0.162211
0.69352 -0.707107 -0.137949
0.544895 -0.83147 -0.108386
0.37533 -0.92388 -0.074658
0.191342 -0.980785 -0.03806
0.195091 0.980785 0.0
0.382684 0.92388 0.0
0.55557 0.83147 0.0
0.707107 0.707107 0.0
0.83147 0.55557 0.0
0.92388 0.382683 0.0
0.980785 0.19509 0.0
1.0 0.0 0.0
0.980785 -0.19509 0.0
0.92388 -0.382683 0.0
0.83147 -0.55557 0.0
0.707107 -0.707107 0.0
0.55557 -0.83147 0.0
0.382684 -0.92388 0.0
0.19509 -0.980785 0.0
0.191342 0.980785 0.038061
0.375331 0.92388 0.074658
0.544895 0.83147 0.108387
0.69352 0.707107 0.13795
0.815493 0.55557 0.162212
0.906128 0.382683 0.18024
0.96194 0.19509 0.191342
0.980785 0.0 0.195091
0.96194 -0.19509 0.191342
0.906128 -0.382683 0.18024
0.815493 -0.55557 0.162212
0.69352 -0.707107 0.13795
0.544895 -0.83147 0.108387
0.37533 -0.92388 0.074658
0.191342 -0.980785 0.038061
0.18024 0.980785 0.074658
0.353554 0.92388 0.146447
0.51328 0.83147 0.212608
0.653282 0.707107 0.270598
0.768178 0.55557 0.31819
0.853554 0.382683 0.353554
0.906127 0.19509 0.375331
0.92388 0.0 0.382684
0.906127 -0.19509 0.375331
0.853554 -0.382683 0.353554
0.768178 -0.55557 0.31819
0.653282 -0.707107 0.270598
0.51328 -0.83147 0.212608
0.353553 -0.92388 0.146447
0.18024 -0.980785 0.074658
0.162212 0.980785 0.108387
0.31819 0.92388 0.212608
0.46194 0.83147 0.308659
0.587938 0.707107 0.392848
0.691342 0.55557 0.46194
0.768178 0.382683 0.51328
0.815493 0.19509 0.544895
0.83147 0.0 0.555571
0.815493 -0.19509 0.544895
0.768178 -0.382683 0.51328
0.691342 -0.55557 0.46194
0.587938 -0.707107 0.392848
0.46194 -0.83147 0.308659
0.31819 -0.92388 0.212608
0.162212 -0.980785 0.108387
0.13795 0.980785 0.13795
0.270598 0.92388 0.270599
0.392848 0.83147 0.392848
0.5 0.707107 0.5
0.587938 0.55557 0.587938
0.653282 0.382683 0.653282
0.69352 0.19509 0.69352
0.707107 0.0 0.707107
0.69352 -0.19509 0.69352
0.653282 -0.382683 0.653282
0.587938 -0.55557 0.587938
0.5 -0.707107 0.5
0.392848 -0.83147 0.392848
0.270598 -0.92388 0.270598
0.13795 -0.980785 0.13795
0.108386 0.980785 0.162212
0.212608 0.92388 0.31819
0.308658 0.83147 0.46194
0.392848 0.707107 0.587938
0.46194 0.55557 0.691342
0.51328 0.382683 0.768178
0.544895 0.19509 0.815493
0.55557 0.0 0.83147
0.544895 -0.19509 0.815493
0.51328 -0.382683 0.768178
0.46194 -0.55557 0.691342
0.392848 -0.707107 0.587938
0.308658 -0.83147 0.46194
0.212608 -0.92388 0.31819
0.108386 -0.980785 0.162212
0.0 -1.0 0.0
0.074658 0.980785 0.18024
0.146447 0.92388 0.353554
0.212608 0.83147 0.51328
0.270598 0.707107 0.653282
0.31819 0.55557 0.768178
0.353553 0.382683 0.853554
0.37533 0.19509 0.906128
0.382683 0.0 0.92388
0.37533 -0.19509 0.906128
0.353553 -0.382683 0.853554
0.31819 -0.55557 0.768178
0.270598 -0.707107 0.653282
0.212608 -0.83147 0.51328
0.146447 -0.92388 0.353554
0.074658 -0.980785 0.18024
0.03806 0.980785 0.191342
0.074658 0.92388 0.375331
0.108386 0.83147 0.544896
0.13795 0.707107 0.69352
0.162212 0.55557 0.815493
0.18024 0.382683 0.906128
0.191342 0.19509 0.96194
0.19509 0.0 0.980786
0.191342 -0.19509 0.96194
0.18024 -0.382683 0.906128
0.162212 -0.55557 0.815493
0.13795 -0.707107 0.69352
0.108386 -0.83147 0.544895
0.074658 -0.92388 0.375331
0.03806 -0.980785 0.191342
-0.0 0.980785 0.195091
0.0 0.92388 0.382684
0.0 0.83147 0.555571
-0.0 0.707107 0.707107
-0.0 0.55557 0.83147
0.0 0.382683 0.92388
-0.0 0.19509 0.980785
-0.0 0.0 1.0
-0.0 -0.19509 0.980785
0.0 -0.382683 0.92388
-0.0 -0.55557 0.83147
-0.0 -0.707107 0.707107
-0.0 -0.83147 0.55557
0.0 -0.92388 0.382684
0.0 -0.980785 0.195091
-0.03806 0.980785 0.191342
-0.074658 0.92388 0.375331
-0.108386 0.83147 0.544896
-0.13795 0.707107 0.69352
-0.162212 0.55557 0.815493
-0.18024 0.382683 0.906128
-0.191342 0.19509 0.96194
-0.19509 0.0 0.980786
-0.191342 -0.19509 0.96194
-0.18024 -0.382683 0.906128
-0.162212 -0.55557 0.815493
-0.13795 -0.707107 0.69352
-0.108386 -0.83147 0.544895
-0.074658 -0.92388 0.375331
-0.03806 -0.980785 0.191342
-0.074658 0.980785 0.18024
-0.146447 0.92388 0.353554
-0.212608 0.83147 0.51328
-0.270598 0.707107 0.653282
-0.31819 0.55557 0.768178
-0.353553 0.382683 0.853554
-0.37533 0.19509 0.906127
-0.382684 0.0 0.92388
-0.37533 -0.19509 0.906127
-0.353553 -0.382683 0.853554
-0.31819 -0.55557 0.768178
-0.270598 -0.707107 0.653282
-0.212608 -0.83147 0.51328
-0.146447 -0.92388 0.353554
-0.074658 -0.980785 0.18024
-0.108386 0.980785 0.162212
-0.212608 0.92388 0.31819
-0.308658 0.83147 0.46194
-0.392847 0.707107 0.587938
-0.46194 0.55557 0.691342
-0.51328 0.382683 0.768178
-0.544895 0.19509 0.815493
-0.55557 0.0 0.83147
-0.544895 -0.19509 0.815493
-0.51328 -0.382683 0.768178
-0.46194 -0.55557 0.691342
-0.392847 -0.707107 0.587938
-0.308658 -0.83147 0.46194
-0.212607 -0.92388 0.31819
-0.108386 -0.980785 0.162212
-0.0 1.0 1e-06
-0.13795 0.980785 0.13795
-0.270598 0.92388 0.270598
-0.392848 0.83147 0.392848
-0.5 0.707107 0.5
-0.587938 0.55557 0.587938
-0.653281 0.382683 0.653282
-0.69352 0.19509 0.69352
-0.707107 0.0 0.707107
-0.69352 -0.19509 0.69352
-0.653281 -0.382683 0.653282
-0.587938 -0.55557 0.587938
-0.5 -0.707107 0.5
-0.392847 -0.83147 0.392848
-0.270598 -0.92388 0.270598
-0.13795 -0.980785 0.13795
-0.162212 0.980785 0.108387
-0.31819 0.92388 0.212608
-0.46194 0.83147 0.308659
-0.587938 0.707107 0.392848
-0.691342 0.55557 0.46194
-0.768178 0.382683 0.51328
-0.815493 0.19509 0.544895
-0.83147 0.0 0.55557
-0.815493 -0.19509 0.544895
-0.768178 -0.382683 0.51328
-0.691342 -0.55557 0.46194
-0.587938 -0.707107 0.392848
-0.46194 -0.83147 0.308658
-0.31819 -0.92388 0.212608
-0.162212 -0.980785 0.108387
-0.18024 0.980785 0.074658
-0.353553 0.92388 0.146447
-0.51328 0.83147 0.212608
-0.653281 0.707107 0.270598
-0.768177 0.55557 0.31819
-0.853553 0.382683 0.353554
-0.906127 0.19509 0.37533
-0.92388 0.0 0.382684
-0.906127 -0.19509 0.37533
-0.853553 -0.382683 0.353554
-0.768177 -0.55557 0.31819
-0.653281 -0.707107 0.270598
-0.51328 -0.83147 0.212608
-0.353553 -0.92388 0.146447
-0.18024 -0.980785 0.074658
-0.191342 0.980785 0.038061
-0.37533 0.92388 0.074658
-0.544895 0.83147 0.108387
-0.69352 0.707107 0.13795
-0.815493 0.55557 0.162212
-0.906127 0.382683 0.18024
-0.961939 0.19509 0.191342
-0.980785 0.0 0.19509
-0.961939 -0.19509 0.191342
-0.906127 -0.382683 0.18024
-0.815493 -0.55557 0.162212
-0.69352 -0.707107 0.13795
-0.544895 -0.83147 0.108387
-0.37533 -0.92388 0.074658
-0.191342 -0.980785 0.038061
-0.19509 0.980785 0.0
-0.382683 0.92388 0.0
-0.55557 0.83147 0.0
-0.707107 0.707107 0.0
-0.831469 0.55557 0.0
-0.923879 0.382683 0.0
-0.980785 0.19509 0.0
-1.0 0.0 0.0
-0.980785 -0.19509 0.0
-0.923879 -0.382683 0.0
-0.831469 -0.55557 0.0
-0.707107 -0.707107 0.0
-0.55557 -0.83147 0.0
-0.382683 -0.92388 0.0
-0.19509 -0.980785 0.0
-0.191342 0.980785 -0.03806
-0.37533 0.92388 -0.074658
-0.544895 0.83147 -0.108386
-0.69352 0.707107 -0.137949
-0.815493 0.55557 -0.162211
-0.906127 0.382683 -0.18024
-0.961939 0.19509 -0.191342
-0.980785 0.0 -0.19509
-0.961939 -0.19509 -0.191342
-0.906127 -0.382683 -0.18024
-0.815493 -0.55557 -0.162211
-0.69352 -0.707107 -0.137949
-0.544895 -0.83147 -0.108386
-0.37533 -0.92388 -0.074658
-0.191342 -0.980785 -0.03806
-0.18024 0.980785 -0.074658
-0.353553 0.92388 -0.146446
-0.51328 0.83147 -0.212607
-0.653281 0.707107 -0.270598
-0.768177 0.55557 -0.318189
-0.853553 0.382683 -0.353553
-0.906127 0.19509 -0.37533
-0.923879 0.0 -0.382683
-0.906127 -0.19509 -0.37533
-0.853553 -0.382683 -0.353553
-0.768177 -0.55557 -0.318189
-0.653281 -0.707107 -0.270598
-0.51328 -0.83147 -0.212607
-0.353553 -0.92388 -0.146446
-0.18024 -0.980785 -0.074657
-0.162212 0.980785 -0.108386
-0.31819 0.92388 -0.212607
-0.46194 0.83147 -0.308658
-0.587938 0.707107 -0.392847
-0.691341 0.55557 -0.461939
-0.768178 0.382683 -0.51328
-0.815493 0.19509 -0.544895
-0.831469 0.0 -0.55557
-0.815493 -0.19509 -0.544895
-0.768178 -0.382683 -0.51328
-0.691341 -0.55557 -0.461939
-0.587938 -0.707107 -0.392847
-0.46194 -0.83147 -0.308658
-0.318189 -0.92388 -0.212607
-0.162212 -0.980785 -0.108386
-0.13795 0.980785 -0.137949
-0.270598 0.92388 -0.270598
-0.392847 0.83147 -0.392847
-0.5 0.707107 -0.5
-0.587937 0.55557 -0.587937
-0.653281 0.382683 -0.653281
-0.693519 0.19509 -0.693519
-0.707106 0.0 -0.707106
-0.693519 -0.19509 -0.693519
-0.653281 -0.382683 -0.653281
-0.587937 -0.55557 -0.587937
-0.5 -0.707107 -0.5
-0.392847 -0.83147 -0.392847
-0.270598 -0.92388 -0.270598
-0.13795 -0.980785 -0.137949
-0.108386 0.980785 -0.162211
-0.212607 0.92388 -0.318189
-0.308658 0.83147 -0.461939
-0.392847 0.707107 -0.587937
-0.461939 0.55557 -0.691341
-0.51328 0.382683 -0.768177
-0.544895 0.19509 -0.815492
-0.55557 0.0 -0.831469
-0.544895 -0.19509 -0.815492
-0.51328 -0.382683 -0.768177
-0.461939 -0.55557 -0.691341
-0.392847 -0.707107 -0.587937
-0.308658 -0.83147 -0.461939
-0.212607 -0.92388 -0.318189
-0.108386 -0.980785 -0.162211
-0.074658 0.980785 -0.18024
-0.146447 0.92388 -0.353553
-0.212607 0.83147 -0.51328
-0.270598 0.707107 -0.653281
-0.318189 0.55557 -0.768177
-0.353553 0.382683 -0.853553
-0.37533 0.19509 -0.906127
-0.382683 0.0 -0.923879
-0.37533 -0.19509 -0.906127
-0.353553 -0.382683 -0.853553
-0.318189 -0.55557 -0.768177
-0.270598 -0.707107 -0.653281
-0.212607 -0.83147 -0.513279
-0.146446 -0.92388 -0.353553
-0.074658 -0.980785 -0.18024
-0.03806 0.980785 -0.191342
-0.074658 0.92388 -0.37533
-0.108386 0.83147 -0.544895
-0.13795 0.707107 -0.69352
-0.162211 0.55557 -0.815492
-0.18024 0.382683 -0.906127
-0.191341 0.19509 -0.961939
-0.19509 0.0 -0.980785
-0.191341 -0.19509 -0.961939
-0.18024 -0.382683 -0.906127
-0.162211 -0.55557 -0.815492
-0.13795 -0.707107 -0.69352
-0.108386 -0.83147 -0.544895
-0.074658 -0.92388 -0.37533
-0.03806 -0.980785 -0.191341
0.0 -0.382683 -0.923879
0.0 -0.55557 -0.831469
0.0 -0.707107 -0.707106
0.0 -0.92388 -0.382683
0.0 -0.980785 -0.19509

512
4 478 477 19 20
4 3 2 12 13
4 479 478 20 21
4 4 3 13 14
4 9 479 21 22
4 5 4 14 15
4 480 9 22 23
4 6 5 15 16
4 481 480 23 24
4 7 6 16 17
3 0 296 10
3 205 481 24
4 8 7 17 18
4 1 0 10 11
4 477 8 18 19
4 2 1 11 12
4 19 18 33 34
4 12 11 26 27
4 20 19 34 35
4 13 12 27 28
4 21 20 35 36
4 14 13 28 29
4 22 21 36 37
4 15 14 29 30
4 23 22 37 38
4 16 15 30 31
4 24 23 38 39
4 17 16 31 32
3 10 296 25
3 205 24 39
4 18 17 32 33
4 11 10 25 26
4 38 37 52 53
4 31 30 45 46
4 39 38 53 54
4 32 31 46 47
3 25 296 40
3 205 39 54
4 33 32 47 48
4 26 25 40 41
4 34 33 48 49
4 27 26 41 42
4 35 34 49 50
4 28 27 42 43
4 36 35 50 51
4 29 28 43 44
4 37 36 51 52
4 30 29 44 45
4 42 41 56 57
4 50 49 64 65
4 43 42 57 58
4 51 50 65 66
4 44 43 58 59
4 52 51 66 67
4 45 44 59 60
4 53 52 67 68
4 46 45 60 61
4 54 53 68 69
4 47 46 61 62
3 40 296 55
3 205 54 69
4 48 47 62 63
4 41 40 55 56
4 49 48 63 64
4 61 60 75 76
4 69 68 83 84
4 62 61 76 77
3 55 296 70
3 205 69 84
4 63 62 77 78
4 56 55 70 71
4 64 63 78 79
4 57 56 71 72
4 65 64 79 80
4 58 57 72 73
4 66 65 80 81
4 59 58 73 74
4 67 66 81 82
4 60 59 74 75
4 68 67 82 83
4 80 79 94 95
4 73 72 87 88
4 81 80 95 96
4 74 73 88 89
4 82 81 96 97
4 75 74 89 90
4 83 82 97 98
4 76 75 90 91
4 84 83 98 99
4 77 76 91 92
3 70 296 85
3 205 84 99
4 78 77 92 93
4 71 70 85 86
4 79 78 93 94
4 72 71 86 87
4 99 98 113 114
4 92 91 106 107
3 85 296 100
3 205 99 114
4 93 92 107 108
4 86 85 100 101
4 94 93 108 109
4 87 86 101 102
4 95 94 109 110
4 88 87 102 103
4 96 95 110 111
4 89 88 103 104
4 97 96 111 112
4 90 89 104 105
4 98 97 112 113
4 91 90 105 106
4 111 110 125 126
4 104 103 118 119
4 112 111 126 127
4 105 104 119 120
4 113 112 127 128
4 106 105 120 121
4 114 113 128 129
4 107 106 121 122
3 100 296 115
3 205 114 129
4 108 107 122 123
4 101 100 115 116
4 109 108 123 124
4 102 101 116 117
4 110 109 124 125
4 103 102 117 118
3 115 296 130
3 205 129 144
4 123 122 137 138
4 116 115 130 131
4 124 123 138 139
4 117 116 131 132
4 125 124 139 140
4 118 117 132 133
4 126 125 140 141
4 119 118 133 134
4 127 126 141 142
4 120 119 134 135
4 128 127 142 143
4 121 120 135 136
4 129 128 143 144
4 122 121 136 137
4 134 133 148 149
4 142 141 156 157
4 135 134 149 150
4 143 142 157 158
4 136 135 150 151
4 144 143 158 159
4 137 136 151 152
3 130 296 145
3 205 144 159
4 138 137 152 153
4 131 130 145 146
4 139 138 153 154
4 132 131 146 147
4 140 139 154 155
4 133 132 147 148
4 141 140 155 156
4 153 152 167 168
4 146 145 160 161
4 154 153 168 169
4 147 146 161 162
4 155 154 169 170
4 148 147 162 163
4 156 155 170 171
4 149 148 163 164
4 157 156 171 172
4 150 149 164 165
4 158 157 172 173
4 151 150 165 166
4 159 158 173 174
4 152 151 166 167
3 145 296 160
3 205 159 174
4 172 171 186 187
4 165 164 179 180
4 173 172 187 188
4 166 165 180 181
4 174 173 188 189
4 167 166 181 182
3 160 296 175
3 205 174 189
4 168 167 182 183
4 161 160 175 176
4 169 168 183 184
4 162 161 176 177
4 170 169 184 185
4 163 162 177 178
4 171 170 185 186
4 164 163 178 179
4 176 175 190 191
4 184 183 198 199
4 177 176 191 192
4 185 184 199 200
4 178 177 192 193
4 186 185 200 201
4 179 178 193 194
4 187 186 201 202
4 180 179 194 195
4 188 187 202 203
4 181 180 195 196
4 189 188 203 204
4 182 181 196 197
3 175 296 190
3 205 189 204
4 183 182 197 198
4 195 194 210 211
4 203 202 218 219
4 196 195 211 212
4 204 203 219 220
4 197 196 212 213
3 190 296 206
3 205 204 220
4 198 197 213 214
4 191 190 206 207
4 199 198 214 215
4 192 191 207 208
4 200 199 215 216
4 193 192 208 209
4 201 200 216 217
4 194 193 209 210
4 202 201 217 218
4 215 214 229 230
4 208 207 222 223
4 216 215 230 231
4 209 208 223 224
4 217 216 231 232
4 210 209 224 225
4 218 217 232 233
4 211 210 225 226
4 219 218 233 234
4 212 211 226 227
4 220 219 234 235
4 213 212 227 228
3 206 296 221
3 205 220 235
4 214 213 228 229
4 207 206 221 222
4 234 233 248 249
4 227 226 241 242
4 235 234 249 250
4 228 227 242 243
3 221 296 236
3 205 235 250
4 229 228 243 244
4 222 221 236 237
4 230 229 244 245
4 223 222 237 238
4 231 230 245 246
4 224 223 238 239
4 232 231 246 247
4 225 224 239 240
4 233 232 247 248
4 226 225 240 241
4 246 245 260 261
4 239 238 253 254
4 247 246 261 262
4 240 239 254 255
4 248 247 262 263
4 241 240 255 256
4 249 248 263 264
4 242 241 256 257
4 250 249 264 265
4 243 242 257 258
3 236 296 251
3 205 250 265
4 244 243 258 259
4 237 236 251 252
4 245 244 259 260
4 238 237 252 253
4 265 264 279 280
4 258 257 272 273
3 251 296 266
3 205 265 280
4 259 258 273 274
4 252 251 266 267
4 260 259 274 275
4 253 252 267 268
4 261 260 275 276
4 254 253 268 269
4 262 261 276 277
4 255 254 269 270
4 263 262 277 278
4 256 255 270 271
4 264 263 278 279
4 257 256 271 272
4 269 268 283 284
4 277 276 291 292
4 270 269 284 285
4 278 277 292 293
4 271 270 285 286
4 279 278 293 294
4 272 271 286 287
4 280 279 294 295
4 273 272 287 288
3 266 296 281
3 205 280 295
4 274 273 288 289
4 267 266 281 282
4 275 274 289 290
4 268 267 282 283
4 276 275 290 291
4 288 287 303 304
3 281 296 297
3 205 295 311
4 289 288 304 305
4 282 281 297 298
4 290 289 305 306
4 283 282 298 299
4 291 290 306 307
4 284 283 299 300
4 292 291 307 308
4 285 284 300 301
4 293 292 308 309
4 286 285 301 302
4 294 293 309 310
4 287 286 302 303
4 295 294 310 311
4 308 307 322 323
4 301 300 315 316
4 309 308 323 324
4 302 301 316 317
4 310 309 324 325
4 303 302 317 318
4 311 310 325 326
4 304 303 318 319
3 297 296 312
3 205 311 326
4 305 304 319 320
4 298 297 312 313
4 306 305 320 321
4 299 298 313 314
4 307 306 321 322
4 300 299 314 315
3 312 296 327
3 205 326 341
4 320 319 334 335
4 313 312 327 328
4 321 320 335 336
4 314 313 328 329
4 322 321 336 337
4 315 314 329 330
4 323 322 337 338
4 316 315 330 331
4 324 323 338 339
4 317 316 331 332
4 325 324 339 340
4 318 317 332 333
4 326 325 340 341
4 319 318 333 334
4 331 330 345 346
4 339 338 353 354
4 332 331 346 347
4 340 339 354 355
4 333 332 347 348
4 341 340 355 356
4 334 333 348 349
3 327 296 342
3 205 341 356
4 335 334 349 350
4 328 327 342 343
4 336 335 350 351
4 329 328 343 344
4 337 336 351 352
4 330 329 344 345
4 338 337 352 353
4 350 349 364 365
4 343 342 357 358
4 351 350 365 366
4 344 343 358 359
4 352 351 366 367
4 345 344 359 360
4 353 352 367 368
4 346 345 360 361
4 354 353 368 369
4 347 346 361 362
4 355 354 369 370
4 348 347 362 363
4 356 355 370 371
4 349 348 363 364
3 342 296 357
3 205 356 371
4 369 368 383 384
4 362 361 376 377
4 370 369 384 385
4 363 362 377 378
4 371 370 385 386
4 364 363 378 379
3 357 296 372
3 205 371 386
4 365 364 379 380
4 358 357 372 373
4 366 365 380 381
4 359 358 373 374
4 367 366 381 382
4 360 359 374 375
4 368 367 382 383
4 361 360 375 376
4 381 380 395 396
4 374 373 388 389
4 382 381 396 397
4 375 374 389 390
4 383 382 397 398
4 376 375 390 391
4 384 383 398 399
4 377 376 391 392
4 385 384 399 400
4 378 377 392 393
4 386 385 400 401
4 379 378 393 394
3 372 296 387
3 205 386 401
4 380 379 394 395
4 373 372 387 388
4 400 399 414 415
4 393 392 407 408
4 401 400 415 416
4 394 393 408 409
3 387 296 402
3 205 401 416
4 395 394 409 410
4 388 387 402 403
4 396 395 410 411
4 389 388 403 404
4 397 396 411 412
4 390 389 404 405
4 398 397 412 413
4 391 390 405 406
4 399 398 413 414
4 392 391 406 407
4 404 403 418 419
4 412 411 426 427
4 405 404 419 420
4 413 412 427 428
4 406 405 420 421
4 414 413 428 429
4 407 406 421 422
4 415 414 429 430
4 408 407 422 423
4 416 415 430 431
4 409 408 423 424
3 402 296 417
3 205 416 431
4 410 409 424 425
4 403 402 417 418
4 411 410 425 426
4 423 422 437 438
4 431 430 445 446
4 424 423 438 439
3 417 296 432
3 205 431 446
4 425 424 439 440
4 418 417 432 433
4 426 425 440 441
4 419 418 433 434
4 427 426 441 442
4 420 419 434 435
4 428 427 442 443
4 421 420 435 436
4 429 428 443 444
4 422 421 436 437
4 430 429 444 445
4 442 441 456 457
4 435 434 449 450
4 443 442 457 458
4 436 435 450 451
4 444 443 458 459
4 437 436 451 452
4 445 444 459 460
4 438 437 452 453
4 446 445 460 461
4 439 438 453 454
3 432 296 447
3 205 446 461
4 440 439 454 455
4 433 432 447 448
4 441 440 455 456
4 434 433 448 449
4 461 460 475 476
4 454 453 468 469
3 447 296 462
3 205 461 476
4 455 454 469 470
4 448 447 462 463
4 456 455 470 471
4 449 448 463 464
4 457 456 471 472
4 450 449 464 465
4 458 457 472 473
4 451 450 465 466
4 459 458 473 474
4 452 451 466 467
4 460 459 474 475
4 453 452 467 468
4 465 464 2 3
4 473 472 478 479
4 466 465 3 4
4 474 473 479 9
4 467 466 4 5
4 475 474 9 480
4 468 467 5 6
4 476 475 480 481
4 469 468 6 7
3 462 296 0
3 205 476 481
4 470 469 7 8
4 463 462 0 1
4 471 470 8 477
4 464 463 1 2
4 472 471 477 478

0 0 0
0 1 0
1